<?xml version="1.0" encoding="UTF-8" standalone="no" ?>
<COLLADA xmlns="http://www.collada.org/2005/11/COLLADASchema" version="1.4.1">
    <asset>
        <contributor>
            <authoring_tool>SketchUp 15.3.331</authoring_tool>
        </contributor>
        <created>2015-05-24T16:09:20Z</created>
        <modified>2015-05-24T16:09:20Z</modified>
        <unit meter="0.0254" name="inch" />
        <up_axis>Z_UP</up_axis>
    </asset>
    <library_visual_scenes>
        <visual_scene id="ID1">
            <node name="SketchUp">
                <node id="ID2" name="instance_0">
                    <matrix>-0.580703 -0.8141155 0 230.2901 0.8141155 -0.580703 0 -83.89572 0 0 1 0 0 0 0 1</matrix>
                    <instance_node url="#ID3" />
                </node>
            </node>
        </visual_scene>
    </library_visual_scenes>
    <library_nodes>
        <node id="ID3" name="Tree-greeen1">
            <node id="ID4" name="group_0">
                <matrix>1 0 0 144.6013 0 1 0 -53.86366 0 0 1 0 0 0 0 1</matrix>
                <instance_geometry url="#ID500">
                    <bind_material>
                        <technique_common>
                            <instance_material symbol="Material2" target="#ID382">
                                <bind_vertex_input semantic="UVSET0" input_semantic="TEXCOORD" input_set="0" />
                            </instance_material>
                        </technique_common>
                    </bind_material>
                </instance_geometry>
                <instance_geometry url="#ID504">
                    <bind_material>
                        <technique_common>
                            <instance_material symbol="Material2" target="#ID382">
                                <bind_vertex_input semantic="UVSET0" input_semantic="TEXCOORD" input_set="0" />
                            </instance_material>
                        </technique_common>
                    </bind_material>
                </instance_geometry>
                <instance_geometry url="#ID508">
                    <bind_material>
                        <technique_common>
                            <instance_material symbol="Material2" target="#ID382">
                                <bind_vertex_input semantic="UVSET0" input_semantic="TEXCOORD" input_set="0" />
                            </instance_material>
                        </technique_common>
                    </bind_material>
                </instance_geometry>
                <node id="ID5" name="instance_1">
                    <matrix>-0.6442827 -0.2910056 0.2797169 96.69022 -0.4695363 0.4801431 -0.3247503 78.41437 0.06659966 0.5698933 0.416439 112.8229 0 0 0 1</matrix>
                    <instance_node url="#ID6" />
                </node>
                <node id="ID105" name="instance_2">
                    <matrix>0.971961 0.2122358 0.1012313 60.49951 0.2351421 -0.8772777 -0.41844 73.08489 6.938894e-017 -0.4305111 0.9025853 62.65375 0 0 0 1</matrix>
                    <instance_node url="#ID106" />
                </node>
                <node id="ID123" name="instance_3">
                    <matrix>0.3696266 -0.5177354 0.2826509 79.25872 -0.7063573 -0.2171904 0.1785334 104.0022 0.06659966 0.5698933 0.3248224 126.9947 0 0 0 1</matrix>
                    <instance_node url="#ID6" />
                </node>
                <node id="ID124" name="instance_4">
                    <matrix>-0.5153978 0.3960178 0.2717564 74.05431 -0.6082184 -0.3979844 -0.1947156 108.6943 0.06659966 -0.5698933 0.3248224 172.8964 0 0 0 1</matrix>
                    <instance_node url="#ID125" />
                </node>
                <node id="ID215" name="instance_5">
                    <matrix>-0.7430967 0.246991 -0.09539056 82.45405 0.2887418 0.5041995 -0.3204159 67.22596 0.06659966 0.5698933 0.3248224 144.6462 0 0 0 1</matrix>
                    <instance_node url="#ID6" />
                </node>
                <node id="ID216" name="instance_6">
                    <matrix>0.5955115 0.7986355 0.08687573 63.77988 -0.7902704 0.601815 -0.115288 76.67001 -0.1443562 -1.387779e-017 0.9895258 233.3164 0 0 0 1</matrix>
                    <instance_node url="#ID217" />
                </node>
                <node id="ID254" name="instance_20">
                    <matrix>0.3711026 0.6197782 0.6914896 40.07986 -0.7902704 0.601815 -0.115288 86.10751 -0.4876018 -0.5036801 0.7131275 231.6824 0 0 0 1</matrix>
                    <instance_node url="#ID217" />
                </node>
                <node id="ID255" name="instance_21">
                    <matrix>0.1856439 0.9822862 0.02549993 38.62253 -0.9721094 0.1873819 -0.1410367 91.91111 -0.1433166 0.001393881 0.9896759 213.4774 0 0 0 1</matrix>
                    <instance_node url="#ID217" />
                </node>
                <node id="ID256" name="instance_22">
                    <matrix>0.9011997 -0.4131047 0.1310861 64.67902 0.4090225 0.9106825 0.0579486 43.39832 -0.1433166 0.001393881 0.9896759 216.4149 0 0 0 1</matrix>
                    <instance_node url="#ID217" />
                </node>
                <node id="ID257" name="instance_23">
                    <matrix>-0.2810405 0.9588197 -0.04099938 74.3059 -0.9538102 -0.2743378 0.1224128 72.94546 0.1061241 0.07350858 0.9916321 224.9189 0 0 0 1</matrix>
                    <instance_node url="#ID217" />
                </node>
                <node id="ID258" name="instance_24">
                    <matrix>0.985741 -0.08889494 0.142872 76.15488 0.08817633 0.99604 0.01136612 67.03326 -0.1433166 0.001393881 0.9896759 220.7899 0 0 0 1</matrix>
                    <instance_node url="#ID217" />
                </node>
                <node id="ID259" name="instance_25">
                    <matrix>0.5955115 0.7986355 0.08687573 63.77988 -0.7902704 0.601815 -0.115288 92.79501 -0.1443562 -1.387779e-017 0.9895258 225.9414 0 0 0 1</matrix>
                    <instance_node url="#ID217" />
                </node>
                <node id="ID260" name="instance_26">
                    <matrix>0.5957625 0.7986343 0.08514855 59.22276 -0.7902704 0.601815 -0.115288 52.98251 -0.1433166 0.001393881 0.9896759 209.7274 0 0 0 1</matrix>
                    <instance_node url="#ID217" />
                </node>
                <node id="ID261" name="instance_27">
                    <matrix>0.9895258 -3.315816e-016 0.1443562 22.71315 3.330669e-016 1 1.387779e-017 70.98031 -0.1443562 3.434784e-017 0.9895258 173.6289 0 0 0 1</matrix>
                    <instance_node url="#ID217" />
                </node>
                <node id="ID262" name="instance_28">
                    <matrix>0.9895258 -3.315816e-016 0.1443562 22.71315 3.330669e-016 1 1.387779e-017 62.79281 -0.1443562 3.434784e-017 0.9895258 162.8789 0 0 0 1</matrix>
                    <instance_node url="#ID217" />
                </node>
                <node id="ID263" name="instance_29">
                    <matrix>0.9705059 0.1951231 0.1415815 85.81884 -0.1930794 0.9807788 -0.02816723 101.2392 -0.1443562 -8.326673e-017 0.9895258 168.0664 0 0 0 1</matrix>
                    <instance_node url="#ID217" />
                </node>
                <node id="ID264" name="instance_30">
                    <matrix>0.5955115 -0.7986355 0.08687573 85.51294 -0.7902704 -0.601815 -0.115288 70.8471 -0.1443562 -1.387779e-016 0.9895258 196.0039 0 0 0 1</matrix>
                    <instance_node url="#ID265" />
                </node>
                <node id="ID279" name="instance_31">
                    <matrix>0.5955115 -0.7986355 0.08687573 85.51294 -0.7902704 -0.601815 -0.115288 70.8471 -0.1443562 -1.387779e-016 0.9895258 185.6914 0 0 0 1</matrix>
                    <instance_node url="#ID265" />
                </node>
                <node id="ID280" name="instance_32">
                    <matrix>0.9705059 0.1951231 0.1415815 85.81884 -0.1930794 0.9807788 -0.02816723 33.55175 -0.1443562 -8.326673e-017 0.9895258 168.0664 0 0 0 1</matrix>
                    <instance_node url="#ID217" />
                </node>
                <node id="ID281" name="instance_33">
                    <matrix>0.5955115 0.7986355 0.08687573 64.21738 -0.7902704 0.601815 -0.115288 110.795 -0.1443562 -1.387779e-017 0.9895258 192.5664 0 0 0 1</matrix>
                    <instance_node url="#ID217" />
                </node>
                <node id="ID282" name="instance_34">
                    <matrix>-0.04316251 0.9990482 -0.006296729 76.98522 -0.988584 -0.04361939 -0.1442188 76.25164 -0.1443562 -1.82146e-017 0.9895258 145.7717 0 0 0 1</matrix>
                    <instance_node url="#ID217" />
                </node>
                <node id="ID283" name="instance_35">
                    <matrix>0.5955115 0.7986355 0.08687573 51.09238 -0.7838522 0.5539736 0.2805154 42.23928 0.1759027 -0.2351479 0.9559099 145.4641 0 0 0 1</matrix>
                    <instance_node url="#ID217" />
                </node>
                <node id="ID284" name="instance_36">
                    <matrix>0.5975597 -0.7970715 0.08717454 95.36541 0.7887228 0.603885 0.1150622 77.1478 -0.1443562 1.110223e-016 0.9895258 173.7092 0 0 0 1</matrix>
                    <instance_node url="#ID217" />
                </node>
                <node id="ID285" name="instance_37">
                    <matrix>0.5955115 0.7986355 0.08687573 75.46738 -0.7902704 0.601815 -0.115288 119.295 -0.1443562 -1.387779e-017 0.9895258 196.5664 0 0 0 1</matrix>
                    <instance_node url="#ID217" />
                </node>
                <node id="ID286" name="instance_38">
                    <matrix>-0.04316251 0.9990482 -0.006296729 98.10193 -0.988584 -0.04361939 -0.1442188 112.3597 -0.1443562 -1.82146e-017 0.9895258 172.1289 0 0 0 1</matrix>
                    <instance_node url="#ID217" />
                </node>
                <node id="ID287" name="instance_39">
                    <matrix>0.5955115 -0.7986355 0.08687573 89.01294 -0.7902704 -0.601815 -0.115288 70.8471 -0.1443562 -1.387779e-016 0.9895258 185.6914 0 0 0 1</matrix>
                    <instance_node url="#ID265" />
                </node>
                <node id="ID288" name="instance_40">
                    <matrix>-0.04316251 0.9990482 -0.006296729 113.1341 -0.988584 -0.04361939 -0.1442188 81.29729 -0.1443562 -1.82146e-017 0.9895258 146.0217 0 0 0 1</matrix>
                    <instance_node url="#ID217" />
                </node>
                <node id="ID289" name="instance_41">
                    <matrix>0.5955115 0.7986355 0.08687573 81.52988 -0.7902704 0.601815 -0.115288 95.98251 -0.1443562 -1.387779e-017 0.9895258 190.9414 0 0 0 1</matrix>
                    <instance_node url="#ID217" />
                </node>
                <node id="ID290" name="instance_42">
                    <matrix>-0.04316251 0.9990482 -0.006296729 57.38406 -0.988584 -0.04361939 -0.1442188 143.6098 -0.1443562 -1.82146e-017 0.9895258 123.2092 0 0 0 1</matrix>
                    <instance_node url="#ID217" />
                </node>
                <node id="ID291" name="instance_43">
                    <matrix>0.04316251 -0.9990482 0.006296729 67.84672 0.988584 0.04361939 0.1442188 123.433 -0.1443562 3.295975e-017 0.9895258 110.8967 0 0 0 1</matrix>
                    <instance_node url="#ID217" />
                </node>
                <node id="ID292" name="instance_44">
                    <matrix>0.04316251 -0.9990482 0.006296729 85.40922 0.988584 0.04361939 0.1442188 123.433 -0.1443562 3.295975e-017 0.9895258 103.9592 0 0 0 1</matrix>
                    <instance_node url="#ID217" />
                </node>
                <node id="ID293" name="instance_45">
                    <matrix>-0.04316251 0.9990482 -0.006296729 57.38406 -0.988584 -0.04361939 -0.1442188 134.1098 -0.1443562 -1.82146e-017 0.9895258 90.58423 0 0 0 1</matrix>
                    <instance_node url="#ID217" />
                </node>
                <node id="ID294" name="instance_46">
                    <matrix>-0.04316251 0.9990482 -0.006296729 57.38406 -0.988584 -0.04361939 -0.1442188 122.2973 -0.1443562 -1.82146e-017 0.9895258 101.8342 0 0 0 1</matrix>
                    <instance_node url="#ID217" />
                </node>
                <node id="ID295" name="instance_47">
                    <matrix>-0.04316251 0.9990482 -0.006296729 113.1966 -0.988584 -0.04361939 -0.1442188 125.5473 -0.1443562 -1.82146e-017 0.9895258 127.8967 0 0 0 1</matrix>
                    <instance_node url="#ID217" />
                </node>
                <node id="ID296" name="instance_48">
                    <matrix>0.04393453 0.8321285 -0.5528399 105.5853 -0.988584 -0.04361939 -0.1442188 125.5473 -0.1441231 0.5528648 0.8207125 123.8124 0 0 0 1</matrix>
                    <instance_node url="#ID217" />
                </node>
                <node id="ID297" name="instance_49">
                    <matrix>-0.04316251 0.9990482 -0.006296729 113.1966 -0.988584 -0.04361939 -0.1442188 117.3598 -0.1443562 -1.82146e-017 0.9895258 110.9592 0 0 0 1</matrix>
                    <instance_node url="#ID217" />
                </node>
                <node id="ID298" name="instance_50">
                    <matrix>-0.05351238 -0.9985367 -0.007806612 119.664 0.9880778 -0.05407881 0.144145 101.4546 -0.1443562 -6.938894e-018 0.9895258 98.45923 0 0 0 1</matrix>
                    <instance_node url="#ID217" />
                </node>
                <node id="ID299" name="instance_51">
                    <matrix>-0.05351238 -0.9985367 -0.007806612 124.6015 0.9880778 -0.05407881 0.144145 93.07964 -0.1443562 -6.938894e-018 0.9895258 115.7717 0 0 0 1</matrix>
                    <instance_node url="#ID217" />
                </node>
                <node id="ID300" name="instance_52">
                    <matrix>-0.05351238 -0.9985367 -0.007806612 109.4765 0.9880778 -0.05407881 0.144145 101.4546 -0.1443562 -6.938894e-018 0.9895258 98.45923 0 0 0 1</matrix>
                    <instance_node url="#ID217" />
                </node>
                <node id="ID301" name="instance_53">
                    <matrix>0.5955115 0.7986355 0.08687573 64.21738 -0.7902704 0.601815 -0.115288 124.67 -0.1443562 -1.387779e-017 0.9895258 207.9414 0 0 0 1</matrix>
                    <instance_node url="#ID217" />
                </node>
                <node id="ID302" name="instance_54">
                    <matrix>0.9492659 0.2823415 0.1384829 64.51812 -0.2793842 0.959314 -0.04075774 104.3085 -0.1443562 -9.020562e-017 0.9895258 217.4414 0 0 0 1</matrix>
                    <instance_node url="#ID217" />
                </node>
                <node id="ID303" name="instance_55">
                    <matrix>0.5955115 0.7986355 0.08687573 75.84238 -0.7902704 0.601815 -0.115288 110.795 -0.1443562 -1.387779e-017 0.9895258 209.4414 0 0 0 1</matrix>
                    <instance_node url="#ID217" />
                </node>
                <node id="ID304" name="instance_56">
                    <matrix>0.5957625 0.7986343 0.08514855 30.72276 -0.7902704 0.601815 -0.115288 86.10751 -0.1433166 0.001393881 0.9896759 189.6024 0 0 0 1</matrix>
                    <instance_node url="#ID217" />
                </node>
                <node id="ID305" name="instance_57">
                    <matrix>-0.4621443 -0.8867824 -0.006296729 54.09271 0.8779485 -0.4565165 -0.1442188 113.1231 0.1250161 -0.0721781 0.9895258 174.4134 0 0 0 1</matrix>
                    <instance_node url="#ID217" />
                </node>
                <node id="ID306" name="instance_58">
                    <matrix>-0.4621443 -0.8867824 -0.006296729 54.09271 0.8779485 -0.4565165 -0.1442188 99.62315 0.1250161 -0.0721781 0.9895258 174.4134 0 0 0 1</matrix>
                    <instance_node url="#ID217" />
                </node>
                <node id="ID307" name="instance_59">
                    <matrix>-0.4621443 -0.8867824 -0.006296729 76.53021 0.8779485 -0.4565165 -0.1442188 99.62315 0.1250161 -0.0721781 0.9895258 162.2764 0 0 0 1</matrix>
                    <instance_node url="#ID217" />
                </node>
                <node id="ID308" name="instance_60">
                    <matrix>-0.04316251 0.9990482 -0.006296729 74.13406 -0.988584 -0.04361939 -0.1442188 112.4848 -0.1443562 -1.82146e-017 0.9895258 90.58423 0 0 0 1</matrix>
                    <instance_node url="#ID217" />
                </node>
                <node id="ID309" name="instance_61">
                    <matrix>0.3255645 -0.8432884 0.3506615 89.47936 0.9422588 0.3268931 -0.0596364 47.87205 -0.07846115 0.4266211 0.7388369 64.21514 0 0 0 1</matrix>
                    <instance_node url="#ID125" />
                </node>
                <node id="ID310" name="instance_62">
                    <matrix>-0.5522079 -0.2765672 0.4576542 93.36834 0.5738068 -0.3541 0.38748 73.22708 0.07623764 0.6619092 0.3985121 72.79281 0 0 0 1</matrix>
                    <instance_node url="#ID125" />
                </node>
                <node id="ID311" name="instance_63">
                    <matrix>-0.1379647 0.5592222 -0.4147272 63.42139 0.7851944 0.04992167 -0.1081928 62.47569 0.06659966 0.5698933 0.416439 119.8854 0 0 0 1</matrix>
                    <instance_node url="#ID6" />
                </node>
                <node id="ID312" name="instance_64">
                    <matrix>-0.7430967 0.246991 -0.1222956 85.60523 0.2887418 0.5041995 -0.4107896 60.14401 0.06659966 0.5698933 0.416439 105.7604 0 0 0 1</matrix>
                    <instance_node url="#ID6" />
                </node>
                <node id="ID313" name="instance_65">
                    <matrix>-0.4621443 -0.8867824 -0.006296729 95.21771 0.8779485 -0.4565165 -0.1442188 12.62315 0.1250161 -0.0721781 0.9895258 150.7764 0 0 0 1</matrix>
                    <instance_node url="#ID217" />
                </node>
                <node id="ID314" name="instance_66">
                    <matrix>-0.04316251 0.9990482 -0.006296729 85.07156 -0.988584 -0.04361939 -0.1442188 131.4223 -0.1443562 -1.82146e-017 0.9895258 163.0842 0 0 0 1</matrix>
                    <instance_node url="#ID217" />
                </node>
                <node id="ID315" name="instance_67">
                    <matrix>-0.4710079 0.8794487 -0.06871263 96.93452 -0.8702372 -0.4759936 -0.1269539 91.13463 -0.1443562 7.632783e-017 0.9895258 173.8164 0 0 0 1</matrix>
                    <instance_node url="#ID217" />
                </node>
                <node id="ID316" name="instance_68">
                    <matrix>0.5955115 0.7986355 0.08687573 48.84238 -0.7902704 0.601815 -0.115288 50.04501 -0.1443562 -1.387779e-017 0.9895258 176.1289 0 0 0 1</matrix>
                    <instance_node url="#ID217" />
                </node>
                <node id="ID317" name="instance_69">
                    <matrix>0.5955115 0.7986355 0.08687573 68.59238 -0.7902704 0.601815 -0.115288 85.98251 -0.1443562 -1.387779e-017 0.9895258 196.0039 0 0 0 1</matrix>
                    <instance_node url="#ID217" />
                </node>
                <node id="ID318" name="instance_70">
                    <matrix>0.04316251 -0.9990482 0.006296729 132.5967 0.988584 0.04361939 0.1442188 61.12046 -0.1443562 3.295975e-017 0.9895258 139.0217 0 0 0 1</matrix>
                    <instance_node url="#ID217" />
                </node>
                <node id="ID319" name="instance_71">
                    <matrix>0.04316251 -0.9990482 0.006296729 111.5199 0.988584 0.04361939 0.1442188 72.82766 -0.1443562 3.295975e-017 0.9895258 147.9802 0 0 0 1</matrix>
                    <instance_node url="#ID217" />
                </node>
                <node id="ID320" name="instance_72">
                    <matrix>0.9803947 0.129437 -0.1485676 61.48354 -0.08879479 0.9633024 0.253306 37.64428 0.1759027 -0.2351479 0.9559099 177.0891 0 0 0 1</matrix>
                    <instance_node url="#ID217" />
                </node>
                <node id="ID321" name="instance_73">
                    <matrix>0.5955115 0.7986355 0.08687573 59.61471 -0.7902704 0.601815 -0.115288 37.50105 -0.1443562 -1.387779e-017 0.9895258 146.7123 0 0 0 1</matrix>
                    <instance_node url="#ID217" />
                </node>
                <node id="ID322" name="instance_74">
                    <matrix>0.3711026 0.6197782 0.6914896 35.26736 -0.7902704 0.601815 -0.115288 79.04501 -0.4876018 -0.5036801 0.7131275 167.9949 0 0 0 1</matrix>
                    <instance_node url="#ID217" />
                </node>
                <node id="ID323" name="instance_75">
                    <matrix>0.5957625 0.7986343 0.08514855 30.72276 -0.7902704 0.601815 -0.115288 79.04501 -0.1433166 0.001393881 0.9896759 149.7899 0 0 0 1</matrix>
                    <instance_node url="#ID217" />
                </node>
                <node id="ID324" name="instance_76">
                    <matrix>0.5975597 -0.7970715 0.08717454 100.1154 0.7887228 0.603885 0.1150622 30.0853 -0.1443562 1.110223e-016 0.9895258 152.7717 0 0 0 1</matrix>
                    <instance_node url="#ID217" />
                </node>
                <node id="ID325" name="instance_77">
                    <matrix>0.5955115 0.7986355 0.08687573 51.09238 -0.7667873 0.5973292 -0.2350215 44.88722 -0.2395899 0.0733428 0.9680999 137.6805 0 0 0 1</matrix>
                    <instance_node url="#ID217" />
                </node>
                <node id="ID326" name="instance_78">
                    <matrix>0.5975597 -0.7970715 0.08717454 115.6154 0.7887228 0.603885 0.1150622 88.8353 -0.1443562 1.110223e-016 0.9895258 160.3967 0 0 0 1</matrix>
                    <instance_node url="#ID217" />
                </node>
                <node id="ID327" name="instance_79">
                    <matrix>0.5955115 0.7986355 0.08687573 51.09238 -0.7667873 0.5973292 -0.2350215 21.76222 -0.2395899 0.0733428 0.9680999 121.0555 0 0 0 1</matrix>
                    <instance_node url="#ID217" />
                </node>
                <node id="ID328" name="instance_80">
                    <matrix>0.5955115 0.7986355 0.08687573 51.09238 -0.7838522 0.5539736 0.2805154 19.11428 0.1759027 -0.2351479 0.9559099 128.8391 0 0 0 1</matrix>
                    <instance_node url="#ID217" />
                </node>
                <node id="ID329" name="instance_81">
                    <matrix>0.2978554 -0.9435045 0.1451941 90.09998 0.9240556 0.3231409 0.2042086 13.09476 -0.2395899 0.0733428 0.9680999 121.0555 0 0 0 1</matrix>
                    <instance_node url="#ID217" />
                </node>
                <node id="ID330" name="instance_82">
                    <matrix>0.04316251 -0.9990482 0.006296729 98.18155 0.988584 0.04361939 0.1442188 27.7015 -0.1443562 3.295975e-017 0.9895258 75.60516 0 0 0 1</matrix>
                    <instance_node url="#ID217" />
                </node>
                <node id="ID331" name="instance_83">
                    <matrix>0.746157 -0.4051416 0.5283086 40.85133 0.3306513 0.914254 0.2341142 60.89934 -0.5778576 1.110223e-016 0.8161376 103.2372 0 0 0 1</matrix>
                    <instance_node url="#ID217" />
                </node>
                <node id="ID332" name="instance_84">
                    <matrix>0.5955115 0.7986355 0.08687573 41.59238 -0.7902704 0.601815 -0.115288 93.10751 -0.1443562 -1.387779e-017 0.9895258 112.8789 0 0 0 1</matrix>
                    <instance_node url="#ID217" />
                </node>
                <node id="ID333" name="instance_85">
                    <matrix>0.9894293 -0.01396218 0.1443421 40.593 0.01381594 0.9999025 0.002015527 29.14824 -0.1443562 -4.380177e-017 0.9895258 164.2894 0 0 0 1</matrix>
                    <instance_node url="#ID217" />
                </node>
                <node id="ID334" name="instance_86">
                    <matrix>-0.05351238 -0.9985367 -0.007806612 124.6015 0.9880778 -0.05407881 0.144145 57.51714 -0.1443562 -6.938894e-018 0.9895258 126.7717 0 0 0 1</matrix>
                    <instance_node url="#ID217" />
                </node>
                <node id="ID335" name="instance_87">
                    <matrix>-0.6685139 -0.7372773 -0.09752564 139.6751 0.7295549 -0.6755902 0.1064306 76.51719 -0.1443562 -1.387779e-017 0.9895258 101.5842 0 0 0 1</matrix>
                    <instance_node url="#ID217" />
                </node>
                <node id="ID336" name="instance_88">
                    <matrix>0.6685139 0.7372773 0.09752564 111.6457 -0.7295549 0.6755902 -0.1064306 77.02219 -0.1443562 -1.387779e-017 0.9895258 108.5842 0 0 0 1</matrix>
                    <instance_node url="#ID217" />
                </node>
                <node id="ID337" name="instance_89">
                    <matrix>0.8517264 -0.5090414 0.1242534 111.419 0.5037096 0.860742 0.07348328 41.54037 -0.1443562 1.387779e-017 0.9895258 126.7717 0 0 0 1</matrix>
                    <instance_node url="#ID217" />
                </node>
                <node id="ID338" name="instance_90">
                    <matrix>0.8418061 -0.4674588 -0.2698977 75.3023 0.5103143 0.8521665 0.1157217 -1.721112 0.1759027 -0.2351479 0.9559099 138.9016 0 0 0 1</matrix>
                    <instance_node url="#ID217" />
                </node>
                <node id="ID339" name="instance_91">
                    <matrix>0.9895258 -3.315816e-016 0.1443562 76.02605 3.330669e-016 1 1.387779e-017 12.37165 -0.1443562 3.434784e-017 0.9895258 140.7539 0 0 0 1</matrix>
                    <instance_node url="#ID217" />
                </node>
                <node id="ID340" name="instance_92">
                    <matrix>0.9895258 -3.315816e-016 0.1443562 76.02605 3.330669e-016 1 1.387779e-017 12.37165 -0.1443562 3.434784e-017 0.9895258 118.3164 0 0 0 1</matrix>
                    <instance_node url="#ID217" />
                </node>
                <node id="ID341" name="instance_93">
                    <matrix>0.9895258 -3.315816e-016 0.1443562 76.02605 3.330669e-016 1 1.387779e-017 51.05915 -0.1443562 3.434784e-017 0.9895258 109.7539 0 0 0 1</matrix>
                    <instance_node url="#ID217" />
                </node>
                <node id="ID342" name="instance_94">
                    <matrix>0.8418061 -0.4674588 -0.2698977 53.4898 0.5103143 0.8521665 0.1157217 90.96639 0.1759027 -0.2351479 0.9559099 139.5266 0 0 0 1</matrix>
                    <instance_node url="#ID217" />
                </node>
                <node id="ID343" name="instance_95">
                    <matrix>0.5955115 0.7986355 0.08687573 59.61471 -0.7902704 0.601815 -0.115288 26.81355 -0.1443562 -1.387779e-017 0.9895258 81.96235 0 0 0 1</matrix>
                    <instance_node url="#ID217" />
                </node>
                <node id="ID344" name="instance_96">
                    <matrix>0.8364084 -0.5343523 0.1220188 65.97672 0.5287554 0.8452618 0.07713708 14.32984 -0.1443562 -2.775558e-017 0.9895258 71.14985 0 0 0 1</matrix>
                    <instance_node url="#ID217" />
                </node>
                <node id="ID345" name="instance_97">
                    <matrix>-0.8364084 -0.5343523 -0.1220188 123.2548 0.5287554 -0.8452618 0.07713708 96.98373 -0.1443562 1.110223e-016 0.9895258 148.3342 0 0 0 1</matrix>
                    <instance_node url="#ID217" />
                </node>
                <node id="ID346" name="instance_98">
                    <matrix>0.8418061 -0.4674588 -0.2698977 53.4898 0.5103143 0.8521665 0.1157217 90.96639 0.1759027 -0.2351479 0.9559099 124.0891 0 0 0 1</matrix>
                    <instance_node url="#ID217" />
                </node>
                <node id="ID347" name="instance_99">
                    <matrix>0.8418061 -0.4674588 -0.2698977 75.3023 0.5103143 0.8521665 0.1157217 32.59139 0.1759027 -0.2351479 0.9559099 160.4641 0 0 0 1</matrix>
                    <instance_node url="#ID217" />
                </node>
                <node id="ID348" name="instance_100">
                    <matrix>0.3711026 0.6197782 0.6914896 37.95486 -0.7902704 0.601815 -0.115288 128.1075 -0.4876018 -0.5036801 0.7131275 192.4109 0 0 0 1</matrix>
                    <instance_node url="#ID217" />
                </node>
                <node id="ID349" name="instance_101">
                    <matrix>-0.4621443 -0.8867824 -0.006296729 85.03021 0.8779485 -0.4565165 -0.1442188 21.93565 0.1250161 -0.0721781 0.9895258 106.5889 0 0 0 1</matrix>
                    <instance_node url="#ID217" />
                </node>
                <node id="ID350" name="instance_102">
                    <matrix>-0.04316251 0.9990482 -0.006296729 104.5716 -0.988584 -0.04361939 -0.1442188 59.98479 -0.1443562 -1.82146e-017 0.9895258 136.8967 0 0 0 1</matrix>
                    <instance_node url="#ID217" />
                </node>
                <node id="ID351" name="instance_103">
                    <matrix>0.5955115 0.7986355 0.08687573 81.52988 -0.7902704 0.601815 -0.115288 76.17001 -0.1443562 -1.387779e-017 0.9895258 196.0039 0 0 0 1</matrix>
                    <instance_node url="#ID217" />
                </node>
                <node id="ID352" name="instance_104">
                    <matrix>-0.9895258 1.024795e-015 -0.1443562 54.52952 -9.992007e-016 -1 -2.498002e-016 60.18413 -0.1443562 -1.029429e-016 0.9895258 162.8789 0 0 0 1</matrix>
                    <instance_node url="#ID217" />
                </node>
                <node id="ID353" name="instance_105">
                    <matrix>0.935615 0.3255682 0.1364915 45.88472 -0.3221581 0.9455186 -0.04699778 57.2929 -0.1443562 -1.387779e-017 0.9895258 191.3164 0 0 0 1</matrix>
                    <instance_node url="#ID217" />
                </node>
                <node id="ID354" name="instance_106">
                    <matrix>0.9705059 0.1951231 0.1415815 33.50634 -0.1930794 0.9807788 -0.02816723 41.42675 -0.1443562 -8.326673e-017 0.9895258 186.2539 0 0 0 1</matrix>
                    <instance_node url="#ID217" />
                </node>
                <node id="ID355" name="instance_107">
                    <matrix>-0.04897417 0.9524108 -0.3008574 33.74991 -0.9803233 0.01183474 0.1970437 127.4242 0.1912271 0.3045876 0.9330909 164.7791 0 0 0 1</matrix>
                    <instance_node url="#ID217" />
                </node>
                <node id="ID356" name="instance_108">
                    <matrix>0.04229157 -0.9681314 0.2468461 49.94617 0.9908309 0.008909489 -0.1348137 99.5566 0.1283182 0.2502842 0.9596313 154.5766 0 0 0 1</matrix>
                    <instance_node url="#ID217" />
                </node>
                <node id="ID357" name="instance_109">
                    <matrix>-0.04897417 0.9524108 -0.3008574 44.87491 -0.9803233 0.01183474 0.1970437 115.3617 0.1912271 0.3045876 0.9330909 154.6541 0 0 0 1</matrix>
                    <instance_node url="#ID217" />
                </node>
                <node id="ID358" name="instance_110">
                    <matrix>-0.5941001 0.3592705 -0.2902296 77.08232 -0.519528 -0.3703616 0.3587101 105.2387 0.03515384 0.5982115 0.3963871 136.3036 0 0 0 1</matrix>
                    <instance_node url="#ID125" />
                </node>
                <node id="ID359" name="instance_111">
                    <matrix>0.4887137 -0.2804943 0.170308 68.71173 -0.3581354 -0.3215509 0.2770623 99.91177 0.05061574 0.4331189 0.3159873 171.3676 0 0 0 1</matrix>
                    <instance_node url="#ID6" />
                </node>
                <node id="ID360" name="instance_112">
                    <matrix>0.74841 0.1634216 0.07794809 61.68904 0.1810594 -0.6755038 -0.3221988 81.89573 -3.679192e-017 -0.3314935 0.6949907 197.6821 0 0 0 1</matrix>
                    <instance_node url="#ID106" />
                </node>
                <node id="ID361" name="instance_113">
                    <matrix>0.2971477 -0.6411554 -0.2171289 68.43527 -0.7103543 -0.2682011 -0.09082701 94.64465 2.428613e-017 -0.3314935 0.4934434 186.3696 0 0 0 1</matrix>
                    <instance_node url="#ID106" />
                </node>
                <node id="ID362" name="instance_114">
                    <matrix>0.2228937 -0.7001584 0.1634491 69.5402 -0.7103543 -0.2682011 -0.09082701 93.58215 -0.1965073 0.1753467 0.5137273 201.1631 0 0 0 1</matrix>
                    <instance_node url="#ID106" />
                </node>
                <node id="ID363" name="instance_115">
                    <matrix>1 0 0 64.93904 0 1 0 49.47408 0 0 1 216.6229 0 0 0 1</matrix>
                    <instance_node url="#ID364" />
                </node>
                <node id="ID399" name="instance_116">
                    <matrix>-0.7260755 0.2243041 0.1757897 79.40686 -0.1593221 0.07943206 -0.7594123 79.96648 -0.2362855 -0.7428177 -0.02812444 243.2736 0 0 0 1</matrix>
                    <instance_node url="#ID364" />
                </node>
                <node id="ID400" name="instance_117">
                    <matrix>-0.5992499 -0.03641155 -0.1984852 82.30222 -0.0234273 0.3979798 -0.08281864 81.1877 -0.2422827 0.05157621 0.4989315 208.4161 0 0 0 1</matrix>
                    <instance_node url="#ID106" />
                </node>
                <node id="ID401" name="instance_118">
                    <matrix>-0.1967415 -0.1129186 0.06856091 84.10374 0.140543 -0.1876671 0.0524054 80.17985 0.03806775 0.1092666 0.1608595 213.9444 0 0 0 1</matrix>
                    <instance_node url="#ID402" />
                </node>
                <node id="ID471" name="instance_119">
                    <matrix>0.3958773 0.1558391 0.1063575 69.688 0.2785599 -0.2340857 -0.1080509 76.03275 -0.03174246 -0.1106948 0.3782278 212.5945 0 0 0 1</matrix>
                    <instance_node url="#ID106" />
                </node>
                <node id="ID472" name="instance_120">
                    <matrix>-0.1685284 -0.6242688 -0.2681169 95.40189 0.6758069 -0.1824417 -5.551115e-017 76.88021 -0.0698796 -0.2588504 0.6466168 215.9211 0 0 0 1</matrix>
                    <instance_node url="#ID364" />
                </node>
                <node id="ID473" name="instance_121">
                    <matrix>1 0 0 70.18421 0 1 0 59.88497 0 0 1 0 0 0 0 1</matrix>
                    <instance_node url="#ID474" />
                </node>
                <node id="ID483" name="instance_122">
                    <matrix>1 -1.144022e-016 -5.551115e-017 51.88057 6.284e-017 0.8241262 -0.5664062 57.22904 1.105463e-016 0.5664062 0.8241262 61.73828 0 0 0 1</matrix>
                    <instance_node url="#ID125" />
                </node>
                <node id="ID484" name="instance_123">
                    <matrix>0.4425422 0.7102671 -0.5474277 46.6432 -0.8964864 0.3651466 -0.2509583 85.68346 0.02164393 0.6018211 0.7983376 49.80111 0 0 0 1</matrix>
                    <instance_node url="#ID125" />
                </node>
                <node id="ID485" name="instance_124">
                    <matrix>-0.3106596 0.4966502 -0.4903382 69.92128 -0.7342037 -0.26184 0.1619619 100.6076 -0.06659966 0.5698933 0.5017338 90.7348 0 0 0 1</matrix>
                    <instance_node url="#ID125" />
                </node>
                <node id="ID486" name="instance_125">
                    <matrix>-0.7782364 0.1119361 -0.07693155 88.93175 -0.1311959 -0.5036996 0.5942848 91.39841 0.03515384 0.5982115 0.5147885 60.451 0 0 0 1</matrix>
                    <instance_node url="#ID125" />
                </node>
                <node id="ID487" name="instance_126">
                    <matrix>0.746157 -0.4051416 0.5283086 20.85133 0.3306513 0.914254 0.2341142 28.08684 -0.5778576 1.110223e-016 0.8161376 103.2372 0 0 0 1</matrix>
                    <instance_node url="#ID217" />
                </node>
                <node id="ID488" name="instance_127">
                    <matrix>0.9895258 -3.315816e-016 0.1443562 15.27565 3.330669e-016 1 1.387779e-017 34.04281 -0.1443562 3.434784e-017 0.9895258 121.1914 0 0 0 1</matrix>
                    <instance_node url="#ID217" />
                </node>
                <node id="ID489" name="instance_128">
                    <matrix>0.6227288 0.777146 0.0908463 -1.91676 -0.769006 0.6293204 -0.1121858 61.39297 -0.1443562 -6.938894e-017 0.9895258 121.1914 0 0 0 1</matrix>
                    <instance_node url="#ID217" />
                </node>
                <node id="ID490" name="instance_129">
                    <matrix>0.6677428 -0.7379907 0.09741314 13.98721 0.7302608 0.6748109 0.1065335 39.39297 -0.1443562 -9.714451e-017 0.9895258 110.5039 0 0 0 1</matrix>
                    <instance_node url="#ID217" />
                </node>
                <node id="ID491" name="instance_130">
                    <matrix>0.9895258 -3.315816e-016 0.1443562 15.27565 3.330669e-016 1 1.387779e-017 34.04281 -0.1443562 3.434784e-017 0.9895258 140.7539 0 0 0 1</matrix>
                    <instance_node url="#ID217" />
                </node>
                <node id="ID492" name="instance_131">
                    <matrix>0.9895258 -3.315816e-016 0.1443562 15.27565 3.330669e-016 1 1.387779e-017 39.35531 -0.1443562 3.434784e-017 0.9895258 129.3789 0 0 0 1</matrix>
                    <instance_node url="#ID217" />
                </node>
                <node id="ID493" name="instance_132">
                    <matrix>0.5955115 0.7986355 0.08687573 11.46738 -0.7902704 0.601815 -0.115288 93.10751 -0.1443562 -1.387779e-017 0.9895258 147.5664 0 0 0 1</matrix>
                    <instance_node url="#ID217" />
                </node>
                <node id="ID494" name="instance_133">
                    <matrix>0.8364084 -0.5343523 0.1220188 17.82939 0.5287554 0.8452618 0.07713708 80.6238 -0.1443562 -2.775558e-017 0.9895258 136.7539 0 0 0 1</matrix>
                    <instance_node url="#ID217" />
                </node>
                <node id="ID495" name="instance_134">
                    <matrix>0.8364084 -0.5343523 0.1220188 31.95439 0.5287554 0.8452618 0.07713708 80.6238 -0.1443562 -2.775558e-017 0.9895258 131.1289 0 0 0 1</matrix>
                    <instance_node url="#ID217" />
                </node>
                <node id="ID496" name="instance_135">
                    <matrix>0.5955115 0.7986355 0.08687573 24.17456 -0.7902704 0.601815 -0.115288 93.12696 -0.1443562 1.110223e-016 0.9895258 116.0664 0 0 0 1</matrix>
                    <instance_node url="#ID217" />
                </node>
                <node id="ID497" name="instance_136">
                    <matrix>0.6542582 0.7558535 0.02513407 12.62716 -0.7552963 0.6547408 -0.02901556 60.8619 -0.03838781 -6.245005e-017 0.9992629 88.26151 0 0 0 1</matrix>
                    <instance_node url="#ID217" />
                </node>
                <node id="ID498" name="instance_137">
                    <matrix>0.6542582 0.7558535 0.02513407 18.00216 -0.7552963 0.6547408 -0.02901556 77.2369 -0.03838781 -6.245005e-017 0.9992629 107.824 0 0 0 1</matrix>
                    <instance_node url="#ID217" />
                </node>
                <node id="ID499" name="instance_138">
                    <matrix>-0.04316251 0.9990482 -0.006296729 31.41443 -0.988584 -0.04361939 -0.1442188 130.1722 -0.1443562 -1.82146e-017 0.9895258 187.5664 0 0 0 1</matrix>
                    <instance_node url="#ID217" />
                </node>
            </node>
        </node>
        <node id="ID6" name="branch1_2">
            <instance_geometry url="#ID7">
                <bind_material>
                    <technique_common>
                        <instance_material symbol="Material2" target="#ID8">
                            <bind_vertex_input semantic="UVSET0" input_semantic="TEXCOORD" input_set="0" />
                        </instance_material>
